0.1 0.7095822369145742 0.004311607799203718
0.2 0.6812763856749675 0.004234391319340204
0.30000000000000004 0.6800725068870461 0.00417457702046659
0.4 0.6813529476584202 0.0042585331291014215
0.5 0.6805902369145993 0.004300399378348389
0.6 0.7000451349862525 0.004419955452807005
0.7 0.7623481212121092 0.004639980676431723
0.7999999999999999 0.805106600550978 0.004929023536123674
0.8999999999999999 0.8984055537190323 0.005263923356446934
0.9999999999999999 0.9131018402203805 0.005458500583461453
1.0999999999999999 1.0010925840220088 0.005791878810925467
1.2 1.096885774104706 0.006098543901707592
1.3 1.1811234380165117 0.006454757230786611
1.4000000000000001 1.2396483526171072 0.006650725571073665
1.5000000000000002 1.287694765840245 0.0068517992637847835
1.6000000000000003 1.3314282754820757 0.007068140439484845
1.7000000000000004 1.368626336088167 0.007193284586583374
1.8000000000000005 1.4181487603306104 0.007367222160813994
1.9000000000000006 1.4364251239669135 0.007513409205585565
2.0000000000000004 1.4938991074380312 0.007705339663663536
2.1000000000000005 1.4998522975206672 0.007707885449716415
2.2000000000000006 1.5145567382920522 0.007794781467413481
2.3000000000000007 1.5548502920110057 0.00795674009220673
2.400000000000001 1.5706691790633467 0.008050346885138544
2.500000000000001 1.5981031845730114 0.008140866906580025
2.600000000000001 1.6157411349861932 0.00823354624498019
2.700000000000001 1.6028959559228422 0.0081502890656028
2.800000000000001 1.6313313498622146 0.00830853828891105
2.9000000000000012 1.658838787878731 0.008391208655994834
3.0000000000000013 1.66658001101929 0.00841453536007229
