0.1 7.63755550432699
0.2 3.775115186429427
0.30000000000000004 2.4678975472144873
0.4 1.902865264052052
0.5 1.5443434345905835
0.6 1.3267376568434646
0.7 1.181477934579418
0.7999999999999999 1.1071798220213
0.8999999999999999 1.0250133099479506
0.9999999999999999 0.9731739329673863
1.0999999999999999 0.9138622556285524
1.2 0.8412144267211257
1.3 0.7968814811887847
1.4000000000000001 0.7356004292658368
1.5000000000000002 0.6919364021671875
1.6000000000000003 0.6608970889300374
1.7000000000000004 0.6163157877754362
1.8000000000000005 0.5751263605248114
1.9000000000000006 0.56136372242263
2.0000000000000004 0.5216364859736734
2.1000000000000005 0.49170519753477987
2.2000000000000006 0.4742601863227487
2.3000000000000007 0.45066040807795643
2.400000000000001 0.4366021875211013
2.500000000000001 0.4129258168144457
2.600000000000001 0.3995355544087594
2.700000000000001 0.38013719954952746
2.800000000000001 0.37177664284266765
2.9000000000000012 0.35151508019942185
3.0000000000000013 0.33771747775403804
