0.1 0.15465447933884013 0.005308401202447827
0.2 0.06880703030302926 0.005571427137629163
0.30000000000000004 0.011519735537189766 0.005740247424700167
0.4 0.2307319228650065 0.005063904028379034
0.5 0.01465333333333291 0.005731141575202455
0.6 0.09135828099173042 0.005503550393685896
0.7 0.16152469421487722 0.00528678621941425
0.7999999999999999 0.04627054545454714 0.0056384431852152415
0.8999999999999999 0.04696824242424104 0.0056363804176083636
0.9999999999999999 0.009533201101928268 0.005746012575570966
1.0999999999999999 0.11581699173553553 0.005428973144201596
1.2 0.008908297520661086 0.0057478249218600695
1.3 0.042254611570247805 0.005650301804152383
1.4000000000000001 0.06764348209366516 0.005574906867661313
1.5000000000000002 0.02533084297520651 0.005700004816020469
1.6000000000000003 0.035048506887052286 0.005671518489302261
1.7000000000000004 0.01962446280991787 0.005716666328855182
1.8000000000000005 3.2766942148760285E-4 0.005772652925938287
1.9000000000000006 0.001372650137741077 0.005769634992932714
2.0000000000000004 0.03013253994490381 0.00568594697492012
2.1000000000000005 0.006743691460055214 0.00575409830233263
2.2000000000000006 0.0049510303030301335 0.005759288553000294
2.3000000000000007 0.02321650688705263 0.0057061839368883205
2.400000000000001 0.011082754820936656 0.005741516089518719
2.500000000000001 0.006316716253443662 0.005755334938492026
2.600000000000001 7.896198347107423E-4 0.005771318995077388
2.700000000000001 0.02301769696969745 0.005706764612261027
2.800000000000001 0.0011906997245177899 0.005770160584214417
2.9000000000000012 0.02249315702479324 0.005708296382234061
3.0000000000000013 0.019814435261708015 0.005716112427981046
