0.1 9.760819920204323
0.2 4.97632796290439
0.30000000000000004 3.332890985643844
0.4 2.366906949427542
0.5 1.9995705596444444
0.6 1.6527561074903934
0.7 1.3912996759411294
0.7999999999999999 1.2473237957791734
0.8999999999999999 1.1086599824484198
0.9999999999999999 0.9999091180767504
1.0999999999999999 0.8968967494775736
1.2 0.8332672018627362
1.3 0.7678573444623441
1.4000000000000001 0.7110173995216027
1.5000000000000002 0.6662388989294435
1.6000000000000003 0.6242322513531176
1.7000000000000004 0.5880087532114247
1.8000000000000005 0.5555554959070833
1.9000000000000006 0.5263147978061048
2.0000000000000004 0.49954601501823426
2.1000000000000005 0.476168820297853
2.2000000000000006 0.45453431240860825
2.3000000000000007 0.43454825817737525
2.400000000000001 0.4166154885606578
2.500000000000001 0.39998403963830925
2.600000000000001 0.3846151448078909
2.700000000000001 0.3701741428245225
2.800000000000001 0.3571423507979163
2.9000000000000012 0.3446531234093302
3.0000000000000013 0.33320246271841975
