0.1 0.9529133223140643 0.0054319223657509986
0.2 0.9736874931128536 0.005499250218167844
0.30000000000000004 0.9744213774104601 0.005504401764202095
0.4 0.989984705234157 0.0055175987505364996
0.5 1.0013035371900711 0.005619338562544512
0.6 1.0200331460054965 0.005664843920392443
0.7 1.058394049586828 0.005836502637736822
0.7999999999999999 1.0789829641873192 0.005943115078783286
0.8999999999999999 1.0871129476583492 0.0059737369643660145
0.9999999999999999 1.127490600551007 0.006156873918156255
1.0999999999999999 1.1915664132231465 0.006482207143332615
1.2 1.2221701377410599 0.006600929900376209
1.3 1.2498629201101195 0.006691925042375499
1.4000000000000001 1.2702029752065385 0.006854324236035444
1.5000000000000002 1.3358704573002589 0.007055289226447451
1.6000000000000003 1.358598964187272 0.007167693830087827
1.7000000000000004 1.4270428209366834 0.007418759402590812
1.8000000000000005 1.423762336088139 0.007434234650094181
1.9000000000000006 1.4757483636363347 0.00762636190000293
2.0000000000000004 1.503148077134982 0.007742456812280565
2.1000000000000005 1.5249648044077235 0.007842467929144342
2.2000000000000006 1.543307019283736 0.007915823963718394
2.3000000000000007 1.5620974545455237 0.007993561611566736
2.400000000000001 1.5802671074380223 0.008093849904077808
2.500000000000001 1.5981720771349972 0.008131852663573377
2.600000000000001 1.602698710743822 0.008161799152296442
2.700000000000001 1.6354231625344187 0.008288380756522008
2.800000000000001 1.6530600110192142 0.008355869345104098
2.9000000000000012 1.6549824793388357 0.00838284875449508
3.0000000000000013 1.672283680440809 0.00846987150661237
