0.1 9.300134343162268
0.2 4.664212529880352
0.30000000000000004 3.1128240722323803
0.4 2.3080035597457065
0.5 1.891944326099674
0.6 1.570411893118667
0.7 1.3715784454746416
0.7999999999999999 1.2179523896923294
0.8999999999999999 1.0842541119351017
0.9999999999999999 0.9934305324458754
1.0999999999999999 0.9384219641494499
1.2 0.8629958219749406
1.3 0.7931666479740936
1.4000000000000001 0.7615665837166783
1.5000000000000002 0.6963893223809007
1.6000000000000003 0.6587696800737967
1.7000000000000004 0.6127507660968058
1.8000000000000005 0.5859129019777664
1.9000000000000006 0.54878886545246
2.0000000000000004 0.5210015572018948
2.1000000000000005 0.4973879723866398
2.2000000000000006 0.473298124537097
2.3000000000000007 0.45165039876438384
2.400000000000001 0.4367790226139285
2.500000000000001 0.41110511769409064
2.600000000000001 0.3970915001658913
2.700000000000001 0.37839378210270486
2.800000000000001 0.3624997735033459
2.9000000000000012 0.3531413094790572
3.0000000000000013 0.34261364466817845
