0.1 0.004958677685949063 0.005759266421642506
0.2 0.03206611570248971 0.005680276254537386
0.30000000000000004 0.018842975206615348 0.0057189443405747395
0.4 0.02082644628099113 0.005713160812035876
0.5 0.002975206611570131 0.00576500369660492
0.6 0.028099173553727923 0.005691904263133774
0.7 0.002975206611570131 0.00576500369660492
0.7999999999999999 0.009586776859501902 0.005745857168473934
0.8999999999999999 0.02413223140494545 0.0057035085652167
0.9999999999999999 0.012892561983466668 0.005736259939178208
1.0999999999999999 0.012892561983466668 0.005736259939178208
1.2 0.007603305785124772 0.0057516078192895535
1.3 0.018842975206615348 0.0057189443405747395
1.4000000000000001 0.05719008264463723 0.005606072140694735
1.5000000000000002 0.014876033057858546 0.005730493886517185
1.6000000000000003 0.005619834710746125 0.005757352726151338
1.7000000000000004 0.004958677685949063 0.005759266421642506
1.8000000000000005 0.014876033057858546 0.005730493886517185
1.9000000000000006 0.011570247933888216 0.005740100756440912
2.0000000000000004 0.010909090909085484 0.005742020201656413
2.1000000000000005 0.014876033057858546 0.005730493886517185
2.2000000000000006 0.01421487603306238 0.005732416548502686
2.3000000000000007 0.020165289256205757 0.005715089305191887
2.400000000000001 0.004297520661155227 0.005761179481459974
2.500000000000001 0.008925619834712635 0.005747774691360098
2.600000000000001 0.014876033057858546 0.005730493886517185
2.700000000000001 0.03206611570248971 0.005680276254537386
2.800000000000001 0.007603305785124772 0.0057516078192895535
2.9000000000000012 0.006942148760325245 0.005753523425610559
3.0000000000000013 0.013553719008260658 0.005734338565840374
