0.1 9.999754115156069
0.2 4.994858821118773
0.30000000000000004 3.332149807617876
0.4 2.4989156478382624
0.5 1.999982296291237
0.6 1.665350727409329
0.7 1.4285587830651694
0.7999999999999999 1.2498851171368077
0.8999999999999999 1.1104640393415757
0.9999999999999999 0.9998337818455026
1.0999999999999999 0.9089398016777296
1.2 0.8332851581176149
1.3 0.7689576479118175
1.4000000000000001 0.7119494960336424
1.5000000000000002 0.6665191357603075
1.6000000000000003 0.6249802609111399
1.7000000000000004 0.5882208303032981
1.8000000000000005 0.5554326131335895
1.9000000000000006 0.5262453312435517
2.0000000000000004 0.49994049586776856
2.1000000000000005 0.4760850969716482
2.2000000000000006 0.45445360786334743
2.3000000000000007 0.43460580917791886
2.400000000000001 0.4166589713817361
2.500000000000001 0.3999681333242263
2.600000000000001 0.3845302706309466
2.700000000000001 0.3699895423050941
2.800000000000001 0.3571222106218348
2.9000000000000012 0.3448109677829617
3.0000000000000013 0.33327209890034826
