0.2 0.19165395999995066 0.0016449595299220336
0.44 0.17580814399998282 0.0016189032996171706
0.6799999999999999 0.2217748239999967 0.0018458423621042059
0.9199999999999999 0.3127909200000035 0.002222666634051402
1.16 0.4325948159998918 0.002600507457803233
1.4 0.5673458560000387 0.0029115302174076794
1.64 0.6418329520000919 0.0030742003325003172
1.88 0.7073278000001233 0.0032008781435223107
2.12 0.744623448000052 0.0032862152088669718
2.3600000000000003 0.7725787279998669 0.00334649190653472
2.6000000000000005 0.7993358879998882 0.0033948262856895684
2.8400000000000007 0.815670311999937 0.003431232337626272
3.080000000000001 0.8353270959999324 0.0034781607500093755
3.320000000000001 0.8431295999999826 0.003492325497345954
3.5600000000000014 0.8577987679999907 0.0035264731356278345
3.8000000000000016 0.8634879679999629 0.003541454744904961
4.040000000000002 0.873192503999964 0.0035629277924379564
4.280000000000002 0.8813755199999732 0.0035854256149327568
4.520000000000002 0.8898330879999684 0.003598712984159067
4.7600000000000025 0.8935881759999573 0.0036144080727814037
