0.2 1.3529323980813837 3.2340669551493016E-6
0.44 0.5956412920528243 NaN
0.6799999999999999 0.5010441109409084 NaN
0.9199999999999999 0.5369779960495358 NaN
1.16 0.5829802941120563 9.157851673847111E-7
1.4 0.6054945311997101 NaN
1.64 0.5762569010529403 NaN
1.88 0.5449743847590393 5.876047656872974E-7
2.12 0.5093916229662548 NaN
2.3600000000000003 0.47452949535684663 NaN
2.6000000000000005 0.44325885621360495 NaN
2.8400000000000007 0.4145506204654472 NaN
3.080000000000001 0.39277536450921263 2.136771440461276E-7
3.320000000000001 0.36735588602526703 1.3286288455223297E-7
3.5600000000000014 0.34932270831957984 3.204182800687429E-7
3.8000000000000016 0.3300467445050725 NaN
4.040000000000002 0.3142160274649075 2.7207374031111916E-7
4.280000000000002 0.30035393194970855 2.0576960563125426E-7
4.520000000000002 0.28651782378326607 2.0040538394917198E-7
4.7600000000000025 0.2744498965783657 9.982109820078509E-8
