0.2 0.10340735999999359 0.003145340698661979
0.44 -0.3639928079999382 0.0029453657003900707
0.6799999999999999 0.33616555199999226 0.002978257194508992
0.9199999999999999 -0.06305332800000689 0.0031560010110430973
1.16 -0.04877295999999997 0.0031585299977752077
1.4 0.04628515999999981 0.0031589043395462307
1.64 -0.0337598079999996 0.003160490886027745
1.88 0.009691976000000407 0.0031621449441192016
2.12 0.010210335999998855 0.003162128631311902
2.3600000000000003 0.005160840000000022 0.0031622513587065628
2.6000000000000005 -0.017469136000000555 0.003161810915180851
2.8400000000000007 -0.009182599999999702 0.0031621601463462145
3.080000000000001 -0.008384584000000056 0.003162182313131437
3.320000000000001 0.009372416000000187 0.003162154577246175
3.5600000000000014 0.00133717599999988 0.0031622906445209387
3.8000000000000016 -0.007446184000000161 0.0031622058027417775
4.040000000000002 -0.0010559439999999914 0.003162291708668129
4.280000000000002 0.009840168000000052 0.0031621403672598626
4.520000000000002 0.008365008000000002 0.0031621828315918426
4.7600000000000025 0.002027520000000115 0.0031622869718315287
