0.2 4.946534589489159 4.6552715753952587E-7
0.44 1.9716118993734548 1.3051920199667329E-6
0.6799999999999999 1.3044010612478538 NaN
0.9199999999999999 1.0826350845957866 9.657056180250437E-8
1.16 0.8600182744593434 NaN
1.4 0.7127554885455532 1.486386160795391E-7
1.64 0.6090611435145141 NaN
1.88 0.5318649285112849 1.5787497237635472E-7
2.12 0.47164893822583354 1.727346050645356E-7
2.3600000000000003 0.42371752785190436 NaN
2.6000000000000005 0.3844980112643897 NaN
2.8400000000000007 0.3520829858652253 NaN
3.080000000000001 0.32465249959452813 2.028488127896485E-7
3.320000000000001 0.3011783607886514 2.2858230705026455E-7
3.5600000000000014 0.2808983741461642 NaN
3.8000000000000016 0.26314330377469414 6.537857940340133E-8
4.040000000000002 0.2475244764807595 NaN
4.280000000000002 0.2336222362368531 6.828569911354542E-8
4.520000000000002 0.22122345722149545 NaN
4.7600000000000025 0.21008316999215318 1.551707506154368E-7
